753
347
2045
2045
152
2045
2045
427
820
954
180
17
6
1016
25
1990
228
612
449
818
595
1762
707
750
302
2045
67
259
406
87
1889
2258
379
2130
1716
2035
2035
1404
2930
50
33
152
218
1412
2201
426
80
312
1168
810
2962
642
727
612
1716
36
218
127
518
193
482
868
2640
1495
119
30
2727
19
180
17
2153
36
1009
34
1075
276
1309
3585
820
708
2844
321
634
302
409
30
98
2844
31
1099
3585
527
2
481
426
804
19
1362
1850
87
888
3630
2844
453
787
3999
1123
587
305
152
1075
90
1215
2703
545
333
54
1106
1723
2045
2258
1146
259
2258
17
38
512
2844
427
685
80
2703
1734
270
1340
1158
228
101
2153
535
445
481
31
881
50
481
438
1406
186
2149
750
1892
2682
727
379
587
759
427
3844
36
937
123
928
87
259
35
2421
2
566
490
545
127
1518
35
948
800
750
2930
3076
50
4075
733
347
707
2579
1634
3076
712
1980
426
80
1636
507
456
35
1550
127
38
307
1889
307
127
497
1021
926
788
980
483
335
720
872
846
105
6
449
545
243
810
1892
1213
1592
449
345
2703
926
560
595
937
4075
3630
438
305
513
101
2245
305
2258
98
621
77
405
1008
642
2962
1061
2258
345
1830
38
243
236
1814
1136
809
236
119
102
720
377
2973
1135
769
25
228
743
377
2217
497
720
3844
460
482
33
449
1309
19
612
3585
77
87
543
697
152
566
38
333
406
312
697
113
333
4075
3040
6
1057
180
879
186
101
899
1330
733
2682
668
67
4075
647
2035
5
553
38
422
1889
1725
1441
155
787
453
1271
1008
1266
2930
143
2314
245
1034
2844
718
2035
2669
743
1098
35
881
853
1814
1288
193
245
1123
307
1123
521
186
2408
1850
2
1850
328
291
1052
566
177
3842
937
6
1180
1034
243
80
547
1070
276
2186
1039
269
642
1412
640
560
612
270
53
2703
985
307
152
3630
577
19
719
96
923
513
277
427
119
33
98
277
708
532
53
1801
612
1120
30
345
102
1033
31
787
143
543
158
2035
1353
707
373
1889
1137
276
578
120
25
36
178
2682
158
127
333
417
2973
1533
87
422
1716
1716
90
512
740
790
708
302
427
17
270
460
2973
1123
1925
612
881
36
481
1889
5
199
442
2962
1504
178
634
2973
269
1098
818
647
54
2035
818
25
19
236
394
326
218
1850
312
1814
720
475
507
560
552
2844
1419
243
1836
759
552
456
3076
1892
31
743
1138
1091
2746
881
1889
634
886
497
2844
437
460
1353
120
302
669
2130
243
1268
53
836
6
2962
727
1132
2022
276
881
1850
36
1376
613
143
1716
685
906
2930
120
2962
229
921
152
19
437
158
105
1168
460
998
186
2973
2524
886
98
921
727
442
307
2045
535
2844
80
2258
513
3629
828
80
2962
456
5
1221
899
552
1658
1308
19
469
469
560
276
38
612
1093
790
1780
80
228
333
712
105
2419
34
587
2973
326
199
3565
321
131
800
937
4054
818
3104
1039
236
180
1832
1762
1850
2035
804
328
928
462
1700
804
1636
545
1672
1021
2534
885
6
373
507
1190
818
2930
251
453
17
36
552
34
545
3844
874
105
31
489
594
2283
501
578
923
727
243
750
1889
35
90
1460
2629
501
2130
35
587
1385
251
456
1700
2844
2258
193
1716
650
312
107
1734
379
507
1098
243
3076
1624
1009
469
77
645
105
527
441
2045
1889
1137
612
277
345
523
98
1008
152
259
669
96
1266
1184
1203
96
1353
35
405
3
269
1516
1053
720
25
462
1024
80
3585
90
700
2973
270
270
228
482
394
30
2930
2130
1663
199
151
2962
17
1043
5
328
1055
881
456
19
151
634
750
394
954
743
3999
228
155
193
34
422
881
105
1634
67
802
507
77
2258
113
490
3999
107
193
648
345
547
978
2130
6
96
2962
1647
1106
243
640
1365
1716
25
896
1398
475
223
727
193
1474
326
2682
276
276
3
1108
379
102
1245
494
326
1039
1634
846
370
560
107
1075
954
3844
2130
236
587
1850
245
1824
459
96
38
120
445
532
1353
2366
587
218
3844
6
804
512
3076
2258
3076
87
2682
1391
1108
1488
276
545
818
6
2130
1717
836
1052
467
2364
961
245
2930
869
1427
229
648
1391
449
1057
3844
326
513
650
462
305
326
733
937
1137
1850
460
218
426
923
228
2
587
1886
1235
101
6
1137
199
552
3076
1681
302
1134
853
228
77
3630
3076
3630
494
2035
2682
3630
489
270
1053
6
1892
5
818
373
305
1268
3844
1353
438
2035
1788
35
53
1725
1075
1348
275
1892
25
896
2130
2524
394
275
2
98
521
1889
199
1441
1836
496
885
291
896
985
532
143
1271
177
462
409
1814
1304
612
277
35
612
186
19
17
939
87
1367
180
1138
804
158
456
5
2930
1892
1915
417
158
2070
33
25
245
1353
105
1370
269
467
560
2973
2725
1998
2008
669
50
899
881
120
251
123
2362
1780
870
113
449
453
270
186
523
30
671
373
507
612
3585
460
1824
307
127
828
612
453
1947
1084
333
236
30
445
1521
1213
229
948
1579
2682
17
36
712
269
846
131
3290
940
53
2130
1353
743
456
77
437
394
53
2682
1602
409
1366
236
3585
812
158
2035
650
25
178
119
868
259
90
3585
2930
2045
2376
1479
441
90
1716
1479
36
497
2973
270
861
727
143
521
812
107
102
4075
2703
243
19
1055
2035
467
17
621
2930
459
50
236
1672
535
2
869
113
1889
467
277
25
647
2258
96
870
881
251
119
25
158
483
2973
1304
719
712
1132
326
1213
3999
177
3585
218
6
697
1052
881
3999
1168
245
1558
594
186
1366
2962
707
2682
218
497
494
270
743
481
899
3
251
2022
276
2130
218
1824
2844
143
939
326
521
377
119
750
2174
3076
155
881
2035
2035
1814
1814
229
321
199
1184
321
105
2930
2258
1648
1537
177
733
578
1039
1120
302
489
251
243
1892
243
120
634
1134
707
961
790
107
87
2973
35
426
928
1209
245
469
25
475
453
422
5
3844
1915
5
373
587
708
790
2
5
379
2045
847
101
1889
199
180
791
2973
193
532
105
456
379
460
759
3
896
25
2136
3585
2904
123
379
3999
2
2130
377
769
1235
347
1571
2035
50
1464
552
50
2973
3
178
507
80
668
50
2274
2457
3076
1725
545
107
2844
19
107
497
405
1315
612
788
77
2110
750
243
483
36
547
1634
650
347
595
998
802
143
50
497
888
394
326
2045
2690
1716
236
507
1850
650
3590
1915
1078
1406
245
25
671
5
4075
409
3
442
453
119
326
1892
449
481
2125
377
120
809
218
98
490
1271
3
427
853
345
96
3630
647
1376
489
3076
3585
87
577
449
417
543
2703
1032
35
868
53
566
1428
123
483
700
3999
518
87
940
928
2844
640
328
158
80
180
700
4075
96
50
19
2795
409
896
35
621
2045
523
3630
270
998
1137
719
818
193
482
2130
80
30
236
3002
34
2962
53
245
3999
2844
2844
1146
1213
2930
532
377
102
25
846
1716
518
394
769
1356
54
50
377
36
19
2164
67
456
645
769
3999
621
80
640
54
928
17
2258
143
743
223
394
921
2844
1016
3844
1070
594
333
53
3116
881
228
80
143
578
379
305
1889
659
1769
347
3999
53
370
937
881
3844
223
17
578
881
25
35
193
612
77
35
1637
34
3630
812
33
1850
96
347
3416
3393
445
102
33
453
6
5
152
1353
1886
2455
2149
587
456
2423
980
4075
545
1749
469
497
1032
120
406
113
30
19
101
613
302
96
3999
80
456
152
1507
1456
36
236
312
2844
178
587
113
1892
490
885
1850
456
2669
4075
2973
17
532
17
790
3999
1521
769
1814
980
804
494
513
186
671
743
648
1889
243
1892
152
406
3076
291
33
377
178
812
5
143
223
743
459
547
2973
333
2003
543
456
345
2274
647
1777
326
152
481
2456
753
2035
127
155
3999
105
872
1850
1892
881
1858
193
2035
87
1814
1193
377
926
1919
245
587
449
2973
787
2035
2258
177
102
186
1889
53
483
513
19
347
535
96
462
276
1814
978
2311
35
218
513
3177
2130
199
33
2682
1672
453
438
31
1488
312
2930
489
335
437
277
494
228
720
158
3
543
3
335
712
155
152
105
1602
178
1650
634
333
4075
107
1902
151
847
1492
302
475
2142
347
1353
406
3999
19
870
462
552
445
469
53
467
427
120
2973
2045
1474
587
409
1419
31
481
881
1460
1700
3630
712
218
53
229
3999
36
38
512
33
218
521
802
1184
2682
1184
218
417
2110
193
34
427
54
456
151
302
417
939
1406
595
2875
113
1650
1723
1432
501
948
828
1209
3
475
113
881
2035
53
460
3999
333
1057
1106
328
685
131
2844
259
523
127
460
818
1814
1201
804
193
1215
543
612
1444
1716
90
1831
642
107
787
1918
640
671
1892
496
199
143
456
791
198
870
105
229
1288
302
453
1889
87
881
228
1235
812
2662
1568
846
1134
640
566
2855
54
2682
587
1479
3
302
3
645
1078
1814
642
67
668
612
259
96
490
4075
245
790
3585
101
460
3
113
497
302
1423
3585
707
25
459
612
98
669
422
870
1134
1547
335
4075
1814
3844
77
1135
802
409
119
707
928
469
998
102
35
818
595
998
101
269
1134
19
131
2973
707
2045
35
80
647
321
718
2682
1814
4075
1070
377
2
1889
868
180
740
312
422
441
33
54
998
3076
612
158
276
818
177
1376
685
1571
427
2085
3844
2973
512
67
1075
34
377
612
1190
426
131
370
328
2045
928
449
547
1075
277
1132
229
269
1432
2703
328
2657
326
954
2347
2258
1832
102
818
186
1658
818
2130
80
377
489
229
199
552
494
1266
2045
809
96
1039
312
223
302
228
2615
101
259
718
482
2130
347
940
456
2703
753
101
939
881
886
881
1637
507
326
251
1009
2534
545
881
3630
243
53
6
4075
720
985
269
50
2045
38
985
870
4075
547
199
2682
1553
1650
553
494
896
2366
1892
90
98
719
35
229
3022
489
269
595
251
1814
3999
1419
1968
718
3999
2045
35
223
3769
453
427
1353
38
2962
650
2201
613
459
229
1353
67
1892
98
426
87
335
869
98
113
2973
788
899
820
496
2973
345
1427
1281
2973
2045
113
501
1304
1033
333
312
481
697
1969
5
475
2
38
460
490
449
1973
77
613
2130
31
270
790
1850
707
961
818
535
1055
35
6
980
3076
926
155
228
818
896
1061
642
155
25
769
259
1340
193
2045
5
1366
2844
1367
228
645
158
645
394
113
469
406
2844
291
2844
90
50
791
158
54
459
497
2721
101
553
1558
1902
405
501
2258
494
612
31
3585
1982
373
17
937
2703
113
2825
291
985
1340
34
566
1568
102
158
90
53
445
523
753
2258
123
2973
269
1892
2055
521
518
469
251
50
2211
275
131
937
19
861
885
180
449
818
113
2844
645
460
1123
2045
685
459
25
2258
3076
2844
427
1061
127
1240
1832
67
2035
178
668
621
3999
645
577
621
270
1024
33
1637
158
54
180
1353
158
96
870
3
5
1309
180
3177
3076
2962
961
3693
769
270
640
312
107
90
3
1108
370
1892
107
155
321
668
869
422
1011
700
2087
151
1135
178
1404
560
2035
243
321
475
151
1132
985
102
36
426
587
621
804
1814
30
1158
3844
707
1281
113
335
490
33
123
459
547
469
1636
1436
869
2573
1681
186
1647
442
707
426
422
437
1193
131
1919
2364
847
2045
335
158
1367
518
469
648
634
1288
560
158
177
453
818
131
269
3585
326
535
345
733
668
236
6
6
312
394
1602
1663
3844
2915
1099
453
2799
532
708
1889
612
2703
102
2130
787
587
53
707
634
379
1034
1892
1391
101
302
1923
33
2682
113
270
668
518
552
2
3630
453
494
2575
34
2045
482
788
1353
885
1098
1857
1880
2703
1008
127
158
906
507
143
53
874
107
445
2457
513
36
1353
940
120
427
978
120
333
445
1801
1814
245
1822
229
3267
1814
521
34
223
80
155
228
828
445
2973
1288
120
123
236
1135
3844
67
1814
155
3630
802
1554
712
347
33
1832
1780
3844
1571
2844
328
634
3630
307
102
566
417
1734
291
5
177
17
3844
998
543
77
501
979
438
869
2725
1624
54
640
523
3076
518
459
54
373
881
2130
1850
1870
3585
1308
228
98
236
469
2844
523
2973
1057
460
1406
2682
543
229
113
521
426
712
497
5
853
19
521
442
1268
577
1061
553
259
321
113
1802
456
120
98
669
373
19
3
1098
3999
881
2293
460
3630
2844
3999
17
2281
38
1889
512
2314
1016
218
671
3
228
1892
501
453
886
2
113
462
2456
595
707
490
2281
54
1575
409
1980
25
886
67
442
671
1226
1490
2962
31
512
427
307
3585
469
1716
881
5
422
186
552
158
1145
143
2
669
2891
1137
828
518
3076
151
3183
1762
2045
17
2130
180
740
3999
186
25
896
245
321
307
1889
1098
642
2130
186
406
1043
119
659
2068
131
1070
527
804
640
67
90
5
1011
1168
594
33
1385
613
483
640
1190
143
740
243
2449
1145
101
33
2140
648
131
462
277
1043
119
1481
2930
1288
2258
276
38
1021
2930
523
307
612
427
107
804
1800
1084
881
409
2703
377
31
223
787
1404
879
236
2930
853
35
3630
1190
426
3844
998
417
1725
426
587
33
113
1353
54
456
456
881
3999
291
1889
1918
229
19
2045
33
427
1461
1271
787
1353
90
497
90
634
1969
1716
802
312
2130
127
2045
790
750
3999
2299
3
19
38
453
77
151
4075
2973
659
640
1055
1008
19
4075
2035
1145
251
1889
151
113
460
543
120
700
2035
879
2035
3844
335
379
347
291
2
1021
2032
899
4075
818
113
25
1138
67
481
333
102
1814
496
186
245
2035
547
307
426
151
700
441
229
445
818
107
275
5
547
2973
1057
513
640
229
3585
1108
1353
1388
98
1093
3999
836
1892
275
199
494
1889
886
2930
326
769
33
3999
719
1033
669
333
87
199
77
836
467
998
532
906
2379
808
3999
1831
790
101
535
2973
131
668
552
1370
17
2930
158
861
277
923
19
105
307
409
275
1084
1052
490
2973
587
35
2844
98
347
2022
30
101
1850
312
50
1982
34
552
1892
836
120
33
545
496
328
2035
1016
697
881
1340
1325
269
3844
869
874
613
700
1108
921
1957
1595
35
1138
105
223
3
802
1892
475
1533
199
98
370
50
437
613
1814
697
881
3585
4075
333
1725
847
1575
102
101
155
19
906
1814
276
1406
1637
30
449
50
818
80
270
870
120
872
302
808
98
1190
2930
2930
345
3805
872
321
980
3844
1304
328
35
697
2962
2962
937
178
449
119
836
501
836
456
668
881
621
394
881
1969
270
6
1011
489
460
291
769
482
697
881
120
180
1032
1281
2
518
3076
5
490
2045
1168
67
2844
490
1592
513
954
552
101
193
2935
1039
1716
612
3844
881
566
2217
482
335
1209
523
1009
377
885
270
17
460
818
460
1412
180
1304
2703
1137
1892
379
437
1663
788
985
53
718
1488
96
131
1968
34
3374
1498
270
277
869
1009
2070
155
497
1441
2035
101
818
36
809
800
307
31
527
302
1857
3999
753
818
2962
199
2844
291
158
669
1460
1353
501
199
370
566
921
291
1919
459
1980
321
80
869
1814
1892
2164
1990
2153
36
790
36
2962
2035
521
1850
523
17
787
553
236
96
2930
700
151
131
186
269
671
123
1353
861
3630
2130
36
90
38
697
707
180
377
1308
326
1518
879
3076
335
335
442
1634
1814
1016
158
879
152
501
87
494
720
906
229
1308
441
105
553
1055
547
490
494
113
3844
513
158
1490
1988
467
178
560
54
177
347
1353
2703
2973
228
245
818
523
143
3076
123
394
740
409
1226
1980
50
1197
427
199
34
518
19
223
979
17
727
906
186
17
2703
2041
347
2703
1850
879
370
496
35
291
2973
650
885
2045
2
1052
2258
1132
453
1704
426
979
685
96
1120
302
4075
102
507
186
30
2962
497
1146
800
3662
577
1184
2962
143
228
712
642
251
405
1240
33
587
345
469
467
2342
1215
245
177
34
1892
578
483
1281
1717
131
178
251
1138
90
223
2153
2534
3194
861
543
3103
740
671
5
453
2258
494
312
276
535
1814
2973
77
634
53
733
35
3076
102
523
2402
1915
2045
3655
107
998
1427
481
152
809
718
1889
612
2314
1240
847
507
475
333
2703
1592
532
642
3999
810
326
2140
462
3076
1240
438
123
77
2844
1412
33
123
800
445
1814
896
307
120
1346
36
6
512
545
886
31
4075
119
98
2962
2519
507
523
1033
881
2444
131
2452
808
4075
2501
1857
102
985
2134
869
34
105
2045
370
612
587
1889
113
2590
881
251
2962
30
243
759
291
34
2601
1892
497
954
30
335
33
612
305
460
820
1892
720
1585
2844
2070
3
302
552
1340
50
193
462
467
259
812
270
489
34
427
462
820
647
50
276
438
810
708
2045
453
1850
251
6
2930
113
34
1892
481
482
34
96
405
460
3999
718
769
105
1367
155
1197
119
151
553
595
532
2799
1518
307
707
1123
2962
2844
394
270
113
373
1367
453
259
1481
276
791
527
1388
3630
2930
193
5
193
2035
1461
291
326
1857
1518
1892
275
25
291
513
422
158
80
497
733
2035
158
31
1427
275
1870
2973
67
532
3844
127
17
532
101
718
186
1850
587
467
131
259
2973
1934
545
577
497
80
223
3076
107
634
456
1814
1648
228
1308
2962
1456
449
449
236
490
333
613
38
1215
612
720
302
77
1850
379
119
441
469
469
527
438
259
587
577
1120
3076
441
753
98
228
158
560
34
417
2590
1592
2114
612
4075
490
38
328
67
621
67
3
307
276
228
2130
720
2962
2827
3585
2458
123
2930
788
650
345
87
612
1857
394
345
469
36
17
405
460
379
808
1889
131
438
523
750
1814
50
1123
218
2973
3585
50
31
518
3585
668
482
577
456
886
123
753
307
90
3
2045
251
312
417
277
482
743
1098
80
36
720
98
1716
2130
30
906
437
1145
1814
31
377
645
1518
1474
545
1892
186
790
277
245
926
885
33
1507
885
1444
1419
427
178
345
186
2
1566
1892
437
5
578
1716
1226
120
790
3225
449
1108
513
259
553
269
577
2258
4075
445
948
3076
236
669
759
818
1268
1892
449
1988
2930
634
305
1850
3
426
1663
6
828
3100
853
3
1428
379
2035
302
87
899
1892
1990
587
940
707
2930
33
1717
2682
19
377
158
2703
3630
494
2524
275
277
4075
587
2035
3999
818
406
19
923
1423
2045
98
155
808
19
3
105
1777
123
923
31
2962
494
1814
560
302
406
2973
312
119
1892
305
1330
328
3
17
523
1814
1521
98
937
377
1711
347
2035
1716
1892
881
218
1777
422
1850
347
1034
321
120
394
462
543
1715
2433
270
326
123
406
712
1850
2045
2930
36
377
2703
2186
1215
1123
406
668
328
127
872
2703
2962
3577
1039
553
67
483
123
809
229
1168
1033
151
177
31
545
2844
34
438
708
151
186
321
1441
2703
980
1271
426
2444
1974
640
54
180
928
180
426
312
1782
3
578
33
101
113
102
659
719
2898
307
441
80
1055
1636
700
77
1145
17
427
177
3405
496
886
921
33
177
1814
634
3630
668
17
1498
1034
647
1933
659
1091
1398
143
373
3844
808
275
67
1711
326
345
1747
2022
155
347
791
31
101
1761
158
1346
659
923
155
1240
193
2930
2130
1533
2
810
409
1136
417
328
328
820
1406
1348
697
158
1892
460
939
80
1814
180
223
77
518
5
101
31
302
178
25
2333
940
186
669
1057
345
98
3844
733
818
2930
1337
178
405
459
50
305
2408
462
595
276
3630
1034
259
131
1850
2258
804
152
131
2973
719
2130
881
326
769
1346
1009
291
1892
123
888
810
1209
2045
1340
482
302
270
2045
2703
1197
1889
30
1213
3844
107
1850
312
1521
2
441
416
788
269
836
869
53
978
25
2973
1558
2930
535
107
96
861
321
441
131
1078
1579
152
1146
6
17
1814
335
30
251
307
53
1032
90
566
1235
3177
178
532
3076
442
512
3585
810
152
186
218
1889
80
1998
1213
1132
3630
2635
645
2962
460
17
523
98
1566
2962
80
96
787
96
2493
948
1792
4075
518
19
469
277
33
501
312
4075
1634
587
38
3630
1184
595
459
3630
3076
720
152
228
659
80
553
406
1412
2930
1138
2746
3585
2130
113
881
3999
377
818
978
671
131
1496
523
769
1134
1356
35
102
836
302
1366
1213
291
406
87
326
80
496
2682
406
494
2130
3999
405
6
873
809
547
87
489
143
333
229
333
1555
1070
438
35
2973
426
1370
645
612
791
671
335
1847
552
954
1436
2214
577
2844
527
2930
2089
152
1925
578
846
2142
31
490
613
276
2407
727
1711
186
1137
218
2258
870
818
1021
127
1516
2314
131
186
462
441
302
35
127
2045
743
245
1353
38
2
2962
671
1934
